descriptor,group,stat,p,m,table,score
TOFA1INT,0.1,0.9678604181951582,0.32521436467678866,1106.8255373769578,"[[ 3 25]
 [ 7 22]]",0.42857142857142855
U18,0.8,1.0617302955665024,0.3028208762116319,1106.8255373769578,"[[ 7 21]
 [12 17]]",0.5833333333333334
U18,0.9,0.038023399014778386,0.8453961613595383,1106.8255373769578,"[[ 8 20]
 [10 19]]",0.8
U14INT,0.0,1.2232581752436846,0.26872218030455836,1106.8255373769578,"[[21  7]
 [26  3]]",0.8076923076923077
Piperazine,0.0,1.4344282509801949,0.23104310297134245,1106.8255373769578,"[[22  6]
 [27  2]]",0.8148148148148148
Dimer Acid,0.0,0.3080226438330701,0.5788961123472657,1106.8255373769578,"[[25  3]
 [28  1]]",0.8928571428571429
Sebacic Acid,0.0,0.002456896551724153,0.960467371625163,1106.8255373769578,"[[24  4]
 [26  3]]",0.9230769230769231
Azelaic Acid,0.0,0.23252770935960576,0.6296558713189145,1106.8255373769578,"[[26  2]
 [27  2]]",0.9629629629629629
Sebacic Acid,0.1,0.14916871921182248,0.6993310289730612,1106.8255373769578,"[[ 3 25]
 [ 3 26]]",1.0
Azelaic Acid,0.1,0.4826046798029555,0.4872448665459642,1106.8255373769578,"[[ 1 27]
 [ 1 28]]",1.0
TOFA1INT,0.0,0.3679448830779416,0.5441266194855606,1106.8255373769578,"[[24  4]
 [22  7]]",1.0909090909090908
HMDA,0.1,0.004196562433069172,0.948348464898698,1106.8255373769578,"[[ 6 22]
 [ 5 24]]",1.2
EDA,0.0,1.4041383158866982,0.2360319087543158,1106.8255373769578,"[[15 13]
 [10 19]]",1.5
U18,0.6,0.22762423935091305,0.6332910420277629,1106.8255373769578,"[[ 4 24]
 [ 2 27]]",2.0
U18,0.0,0.6145897475369452,0.43306490416284993,1106.8255373769578,"[[ 6 22]
 [ 3 26]]",2.0
Piperazine,0.2,0.0009749589490968888,0.9750906347287338,1106.8255373769578,"[[ 2 26]
 [ 1 28]]",2.0
Piperazine,0.1,0.9558272546419098,0.3282404419109799,1106.8255373769578,"[[ 4 24]
 [ 1 28]]",4.0
Sales Vol,47.5,0.00031337966220971374,0.9858761602029955,1106.8255373769578,"[[ 1 27]
 [ 0 29]]",inf
